%YAML:1.0
depthShift: -1.8648465765392999e+01
