%YAML:1.0
cameraMatrix: !!opencv-matrix
   rows: 3
   cols: 3
   dt: d
   data: [ 1.0652308069296205e+03, 0., 9.4671822297968083e+02, 0.,
       1.0632746828948170e+03, 5.4581385414669728e+02, 0., 0., 1. ]
distortionCoefficients: !!opencv-matrix
   rows: 1
   cols: 5
   dt: d
   data: [ 8.3349859323654796e-02, -1.4667274671453448e-01,
       -2.0072353260924183e-03, 5.3161930453280760e-04,
       6.5400295132707592e-02 ]
rotation: !!opencv-matrix
   rows: 3
   cols: 3
   dt: d
   data: [ 1., 0., 0., 0., 1., 0., 0., 0., 1. ]
projection: !!opencv-matrix
   rows: 4
   cols: 4
   dt: d
   data: [ 1.0652308069296205e+03, 0., 9.4671822297968083e+02, 0., 0.,
       1.0632746828948170e+03, 5.4581385414669728e+02, 0., 0., 0., 1.,
       0., 0., 0., 0., 1. ]
