%YAML:1.0
rotation: !!opencv-matrix
   rows: 3
   cols: 3
   dt: d
   data: [ 9.9994072813304968e-01, 4.6092842396108519e-03,
       -9.8638085719912824e-03, -4.6145451524076207e-03,
       9.9998922254038214e-01, -5.1066243109405666e-04,
       9.8613484768973157e-03, 5.5614915320853573e-04,
       9.9995122106247591e-01 ]
translation: !!opencv-matrix
   rows: 3
   cols: 1
   dt: d
   data: [ -5.2780445955560022e-02, 3.2640335715611107e-04,
       -8.4910321907681358e-04 ]
essential: !!opencv-matrix
   rows: 3
   cols: 3
   dt: d
   data: [ -6.9944789453902923e-07, 8.4927559685184532e-04,
       3.2595383043304115e-04, -3.2856652080996251e-04,
       2.5440042238659992e-05, 5.2786246773095097e-02,
       -8.2826259593611699e-05, -5.2781381602285016e-02,
       3.0172571078137933e-05 ]
fundamental: !!opencv-matrix
   rows: 3
   cols: 3
   dt: d
   data: [ -5.7365504281106815e-10, 6.9759712233657547e-07,
       -4.7226071396764773e-05, -2.6997092975641552e-07,
       2.0934958675240761e-08, 1.5843072467699549e-02,
       7.5535520890349070e-05, -4.6854680782744795e-02, 1. ]
