%YAML:1.0
cameraMatrix: !!opencv-matrix
   rows: 3
   cols: 3
   dt: d
   data: [ 3.6380504015157373e+02, 0., 2.5290831992518022e+02, 0.,
       3.6325209252568692e+02, 2.0732312392166892e+02, 0., 0., 1. ]
distortionCoefficients: !!opencv-matrix
   rows: 1
   cols: 5
   dt: d
   data: [ 9.7807185618529177e-02, -2.9066812833283007e-01,
       -9.7788770761677354e-04, 6.4464743860119915e-05,
       1.1619412188109320e-01 ]
rotation: !!opencv-matrix
   rows: 3
   cols: 3
   dt: d
   data: [ 1., 0., 0., 0., 1., 0., 0., 0., 1. ]
projection: !!opencv-matrix
   rows: 4
   cols: 4
   dt: d
   data: [ 3.6380504015157373e+02, 0., 2.5290831992518022e+02, 0., 0.,
       3.6325209252568692e+02, 2.0732312392166892e+02, 0., 0., 0., 1.,
       0., 0., 0., 0., 1. ]
